19.2374309746576 2.2126392510463244 -1.5938287566081368 1.7028719076984598 0 0 0 !wing left
19.2374309746576 2.2126392510463244 1.5938287566081368 1.7028719076984598 0 0 0 !wing right
25.08 2.7572351430249333 0.0 1.7028719076984598 0 0 0 !control surfaces
80.12863443311058 2.409784 0.0 0.835 0 0 0 !fuselage
91.95 0.207 0.0 1.02 0 0 0 !engine
12.869606397153778 6.81552686440117 0.0 1.75 0 0 0 !tail
12.0 5.309200000000001 0.0 1.6 0 0 0 !boom
56.25 0.9151 0.0 1.02 0 0 0 !equipment
8.16 0.207 0.0 1.02 0 0 0 !nacelle
17.75 1.826916 0.0 0.175 0 0 0 !undercarriage
7.22 1.8928334187993865 0.0 1.05 0 0 0 !struts
43.39737374795316 2.241173466943408 0.0 1.7028719076984598 0 0 0 !fuel
276.0 2.5151000000000003 0.0 0.8 0 0 0 !payload
