0.39,9.298
0.4,9.155
0.41,8.889
0.42,8.623
0.43,8.413
0.44,8.263
0.45,8.113
0.46,7.948
0.47,7.763
0.48,7.632
0.49,7.57
0.5,7.509
0.51,7.447
0.52,7.386
0.53,7.33
0.54,7.282
0.55,7.234
0.56,7.195
0.57,7.175
0.58,7.154
0.59,7.134
0.6,7.113
0.61,7.093
0.62,7.077
0.63,7.075
0.64,7.073
0.65,7.07
0.66,7.068
0.67,7.066
0.68,7.063
0.69,7.061
0.7,7.059
0.71,7.061
0.72,7.084
0.73,7.108
0.74,7.132
0.75,7.156
0.76,7.18
0.77,7.206
0.78,7.251
0.79,7.296
0.8,7.341
0.81,7.386
0.82,7.431
0.83,7.482
0.84,7.533
0.85,7.584
0.86,7.636
0.87,7.697
0.88,7.758
0.89,7.82
0.9,7.938
0.91,8.061
0.92,8.035
0.93,7.994
0.94,7.953
0.95,7.913
0.96,7.854
0.97,7.793
0.98,7.731
0.99,7.681
1,7.633
1.01,7.585
1.02,7.545
1.03,7.507
1.04,7.469
1.05,7.431
1.06,7.393
1.07,7.355
1.08,7.317
1.09,7.291
1.1,7.271
1.11,7.25
1.12,7.23
1.13,7.209
1.14,7.189
1.15,7.168
1.16,7.153
1.17,7.14
1.18,7.127
1.19,7.114
1.2,7.1
1.21,7.087
1.22,7.074
1.23,7.061
1.24,7.048
1.25,7.035
1.26,7.022
1.27,7.016
1.28,7.016
1.29,7.016
1.3,7.016
1.31,7.016
1.32,7.016
1.33,7.016
1.34,7.016
1.35,7.016
1.36,7.018
1.37,7.025
1.38,7.032
1.39,7.039
1.4,7.045
1.41,7.052
1.42,7.059
1.43,7.066
1.44,7.073
1.45,7.081
1.46,7.093
1.47,7.104
1.48,7.116
1.49,7.128
1.5,7.139
1.51,7.151
1.52,7.165
1.53,7.189
1.54,7.213
1.55,7.237
1.56,7.26
1.57,7.284
1.58,7.307
1.59,7.319
1.6,7.332
1.61,7.344
1.62,7.356
1.63,7.367
1.64,7.336
1.65,7.305
1.66,7.274
1.67,7.244
1.68,7.213
1.69,7.182
1.7,7.174
1.71,7.167
1.72,7.159
1.73,7.152
1.74,7.144
1.75,7.137
1.76,7.129
1.77,7.122
1.78,7.115
1.79,7.107
1.8,7.1
1.81,7.094
1.82,7.088
1.83,7.083
1.84,7.077
1.85,7.071
1.86,7.066
1.87,7.06
1.88,7.055
1.89,7.049
1.9,7.044
1.91,7.038
1.92,7.035
1.93,7.033
1.94,7.032
1.95,7.03
1.96,7.028
1.97,7.027
1.98,7.025
1.99,7.023
2,7.021
2.01,7.02
2.02,7.018
2.03,7.016
2.04,7.016
2.05,7.016
2.06,7.016
2.07,7.016
2.08,7.016
2.09,7.016
2.1,7.016
2.11,7.016
2.12,7.02
2.13,7.029
2.14,7.038
2.15,7.048
2.16,7.057
2.17,7.066
2.18,7.076
2.19,7.085
2.2,7.094
2.21,7.104
2.22,7.113
2.23,7.123
2.24,7.133
2.25,7.143
2.26,7.153
2.27,7.163
2.28,7.174
2.29,7.184
2.3,7.194
2.31,7.2
2.32,7.191
2.33,7.181
2.34,7.172
2.35,7.163
2.36,7.153
2.37,7.144
2.38,7.135
2.39,7.125
2.4,7.116
2.41,7.107
2.42,7.098
2.43,7.094
2.44,7.09
2.45,7.086
2.46,7.082
2.47,7.078
2.48,7.073
2.49,7.069
2.5,7.065
2.51,7.061
2.52,7.057
2.53,7.052
2.54,7.048
2.55,7.043
2.56,7.038
2.57,7.033
2.58,7.029
2.59,7.024
2.6,7.019
2.61,7.015
2.62,7.01
2.63,7.005
2.64,7
2.65,6.996
2.66,6.993
2.67,6.991
2.68,6.988
2.69,6.986
2.7,6.984
2.71,6.982
2.72,6.979
2.73,6.977
2.74,6.975
2.75,6.974
2.76,6.974
2.77,6.974
2.78,6.974
2.79,6.974
2.8,6.974
2.81,6.974
2.82,6.974
2.83,6.974
2.84,6.974
2.85,6.974
2.86,6.974
2.87,6.978
2.88,6.986
2.89,6.994
2.9,7.001
2.91,7.009
2.92,7.017
2.93,7.024
2.94,7.032
2.95,7.036
2.96,7.036
2.97,7.036
2.98,7.036
2.99,7.036
3,7.036
3.01,7.036
3.02,7.036
3.03,7.036
3.04,7.036
3.05,7.036
3.06,7.036
3.07,7.036
3.08,7.036
3.09,7.036
3.1,7.036
3.11,7.036
3.12,7.036
3.13,7.036
3.14,7.036
3.15,7.036
3.16,7.035
3.17,7.03
3.18,7.024
3.19,7.018
3.2,7.013
3.21,7.007
3.22,7.002
3.23,6.996
3.24,6.99
3.25,6.985
3.26,6.979
3.27,6.974
3.28,6.977
3.29,6.98
3.3,6.983
3.31,6.986
3.32,6.989
3.33,6.992
3.34,6.995
3.35,6.995
3.36,6.995
3.37,6.995
3.38,6.995
3.39,6.995
3.4,6.995
3.41,6.995
3.42,6.995
3.43,6.995
3.44,6.995
3.45,6.995
3.46,6.995
3.47,6.995
3.48,6.995
3.49,6.995
3.5,6.995
3.51,6.995
3.52,6.995
3.53,6.995
3.54,6.995
3.55,6.995
3.56,6.995
3.57,6.995
3.58,6.995
3.59,6.998
3.6,7.002
3.61,7.006
3.62,7.01
3.63,7.014
3.64,7.018
3.65,7.022
3.66,7.026
3.67,7.03
3.68,7.035
3.69,7.036
3.7,7.036
3.71,7.036
3.72,7.036
3.73,7.036
3.74,7.036
3.75,7.036
3.76,7.036
3.77,7.036
3.78,7.036
3.79,7.036
3.8,7.036
3.81,7.036
3.82,7.034
3.83,7.032
3.84,7.03
3.85,7.029
3.86,7.027
3.87,7.025
3.88,7.024
3.89,7.022
3.9,7.02
3.91,7.018
3.92,7.017
3.93,7.014
3.94,7.01
3.95,7.006
3.96,7.002
3.97,6.998
3.98,6.994
3.99,6.99
4,6.986
4.01,6.982
4.02,6.978
4.03,6.974
4.04,6.974
4.05,6.974
4.06,6.974
4.07,6.974
4.08,6.974
4.09,6.974
4.1,6.974
4.11,6.974
4.12,6.974
4.13,6.974
4.14,6.974
4.15,6.974
4.16,6.974
4.17,6.974
4.18,6.978
4.19,6.982
4.2,6.986
4.21,6.99
4.22,6.995
4.23,6.999
4.24,7.003
4.25,7.007
4.26,7.011
4.27,7.015
4.28,7.016
4.29,7.016
4.3,7.016
4.31,7.016
4.32,7.016
4.33,7.016
4.34,7.016
4.35,7.016
4.36,7.016
4.37,7.014
4.38,7.011
4.39,7.009
4.4,7.006
4.41,7.004
4.42,7.002
4.43,6.999
4.44,6.997
4.45,6.994
4.46,6.992
4.47,6.99
4.48,6.987
4.49,6.985
4.5,6.982
4.51,6.98
4.52,6.978
4.53,6.975
4.54,6.974
4.55,6.974
4.56,6.974
4.57,6.974
4.58,6.974
4.59,6.974
4.6,6.974
4.61,6.974
4.62,6.974
4.63,6.974
4.64,6.974
4.65,6.974
4.66,6.974
4.67,6.974
4.68,6.974
4.69,6.974
4.7,6.974
4.71,6.974
4.72,6.974
4.73,6.974
4.74,6.974
4.75,6.974
4.76,6.974
4.77,6.974
4.78,6.974
4.79,6.974
4.8,6.974
4.81,6.974
4.82,6.974
4.83,6.974
4.84,6.974
4.85,6.974
4.86,6.974
4.87,6.974
4.88,6.974
4.89,6.974
4.9,6.974