1,14.424
1.01,14.326
1.02,14.182
1.03,14.012
1.04,13.857
1.05,13.775
1.06,13.694
1.07,13.612
1.08,13.531
1.09,13.452
1.1,13.374
1.11,13.296
1.12,13.218
1.13,13.143
1.14,13.07
1.15,12.997
1.16,12.925
1.17,12.852
1.18,12.784
1.19,12.719
1.2,12.654
1.21,12.591
1.22,12.55
1.23,12.509
1.24,12.468
1.25,12.428
1.26,12.387
1.27,12.346
1.28,12.304
1.29,12.261
1.3,12.218
1.31,12.175
1.32,12.132
1.33,12.089
1.34,12.049
1.35,12.019
1.36,11.988
1.37,11.957
1.38,11.927
1.39,11.896
1.4,11.866
1.41,11.835
1.42,11.805
1.43,11.774
1.44,11.74
1.45,11.699
1.46,11.659
1.47,11.618
1.48,11.577
1.49,11.542
1.5,11.519
1.51,11.495
1.52,11.471
1.53,11.447
1.54,11.424
1.55,11.4
1.56,11.376
1.57,11.352
1.58,11.322
1.59,11.29
1.6,11.258
1.61,11.226
1.62,11.194
1.63,11.158
1.64,11.122
1.65,11.086
1.66,11.049
1.67,11.013
1.68,10.977
1.69,10.944
1.7,10.916
1.71,10.888
1.72,10.86
1.73,10.832
1.74,10.804
1.75,10.781
1.76,10.759
1.77,10.737
1.78,10.715
1.79,10.693
1.8,10.672
1.81,10.65
1.82,10.628
1.83,10.606
1.84,10.584
1.85,10.565
1.86,10.546
1.87,10.528
1.88,10.509
1.89,10.49
1.9,10.472
1.91,10.453
1.92,10.434
1.93,10.417
1.94,10.405
1.95,10.392
1.96,10.379
1.97,10.367
1.98,10.354
1.99,10.342
2,10.329
2.01,10.317
2.02,10.304
2.03,10.291
2.04,10.278
2.05,10.265
2.06,10.251
2.07,10.238
2.08,10.225
2.09,10.212
2.1,10.199
2.11,10.186
2.12,10.172
2.13,10.159
2.14,10.146
2.15,10.131
2.16,10.117
2.17,10.102
2.18,10.087
2.19,10.072
2.2,10.057
2.21,10.042
2.22,10.028
2.23,10.023
2.24,10.017
2.25,10.011
2.26,10.005
2.27,9.999
2.28,9.994
2.29,9.988
2.3,9.982
2.31,9.976
2.32,9.969
2.33,9.957
2.34,9.944
2.35,9.932
2.36,9.919
2.37,9.907
2.38,9.894
2.39,9.882
2.4,9.869
2.41,9.856
2.42,9.849
2.43,9.842
2.44,9.835
2.45,9.829
2.46,9.822
2.47,9.815
2.48,9.808
2.49,9.801
2.5,9.795
2.51,9.788
2.52,9.782
2.53,9.777
2.54,9.773
2.55,9.768
2.56,9.763
2.57,9.759
2.58,9.754
2.59,9.75
2.6,9.745
2.61,9.741
2.62,9.736
2.63,9.732
2.64,9.727
2.65,9.725
2.66,9.725
2.67,9.725
2.68,9.725
2.69,9.725
2.7,9.725
2.71,9.725
2.72,9.725
2.73,9.725
2.74,9.725
2.75,9.725
2.76,9.725
2.77,9.725
2.78,9.725
2.79,9.725
2.8,9.725
2.81,9.725
2.82,9.725
2.83,9.725
2.84,9.725
2.85,9.725
2.86,9.725
2.87,9.725
2.88,9.725
2.89,9.725
2.9,9.724
2.91,9.722
2.92,9.721
2.93,9.72
2.94,9.718
2.95,9.717
2.96,9.715
2.97,9.714
2.98,9.712
2.99,9.711
3,9.707
3.01,9.701
3.02,9.695
3.03,9.689
3.04,9.683
3.05,9.677
3.06,9.671
3.07,9.665
3.08,9.659
3.09,9.653
3.1,9.647
3.11,9.641
3.12,9.637
3.13,9.636
3.14,9.635
3.15,9.633
3.16,9.632
3.17,9.631
3.18,9.629
3.19,9.628
3.2,9.627
3.21,9.626
3.22,9.624
3.23,9.623
3.24,9.619
3.25,9.615
3.26,9.611
3.27,9.606
3.28,9.602
3.29,9.598
3.3,9.594
3.31,9.59
3.32,9.586
3.33,9.582
3.34,9.579
3.35,9.578
3.36,9.576
3.37,9.575
3.38,9.574
3.39,9.572
3.4,9.571
3.41,9.57
3.42,9.568
3.43,9.567
3.44,9.566
3.45,9.563
3.46,9.561
3.47,9.558
3.48,9.555
3.49,9.553
3.5,9.55
3.51,9.547
3.52,9.545
3.53,9.542
3.54,9.539
3.55,9.537
3.56,9.534
3.57,9.531
3.58,9.529
3.59,9.526
3.6,9.523
3.61,9.52
3.62,9.517
3.63,9.514
3.64,9.511
3.65,9.508
3.66,9.504
3.67,9.501
3.68,9.498
3.69,9.495
3.7,9.491
3.71,9.488
3.72,9.485
3.73,9.482
3.74,9.479
3.75,9.479
3.76,9.481
3.77,9.482
3.78,9.483
3.79,9.484
3.8,9.486
3.81,9.487
3.82,9.488
3.83,9.49
3.84,9.491
3.85,9.492
3.86,9.493
3.87,9.493
3.88,9.493
3.89,9.493
3.9,9.493
3.91,9.493
3.92,9.493
3.93,9.493
3.94,9.493
3.95,9.493
3.96,9.493
3.97,9.493
3.98,9.493
3.99,9.493
4,9.493
4.01,9.493
4.02,9.493
4.03,9.493
4.04,9.493
4.05,9.493
4.06,9.493
4.07,9.493
4.08,9.493
4.09,9.493
4.1,9.493
4.11,9.493
4.12,9.493
4.13,9.493
4.14,9.493
4.15,9.493
4.16,9.493
4.17,9.493
4.18,9.493
4.19,9.493
4.2,9.493
4.21,9.493
4.22,9.493
4.23,9.493
4.24,9.493
4.25,9.493
4.26,9.493
4.27,9.493
4.28,9.493
4.29,9.493
4.3,9.493
4.31,9.493
4.32,9.493
4.33,9.493
4.34,9.492
4.35,9.488
4.36,9.483
4.37,9.479
4.38,9.474
4.39,9.469
4.4,9.465
4.41,9.464
4.42,9.464
4.43,9.464
4.44,9.464
4.45,9.464
4.46,9.464
4.47,9.464
4.48,9.464
4.49,9.464
4.5,9.464
4.51,9.464
4.52,9.464
4.53,9.464
4.54,9.464
4.55,9.464
4.56,9.464
4.57,9.464
4.58,9.464
4.59,9.464
4.6,9.464
4.61,9.464
4.62,9.464
4.63,9.464
4.64,9.464
4.65,9.464
4.66,9.464
4.67,9.464
4.68,9.464
4.69,9.464
4.7,9.464
4.71,9.464
4.72,9.464
4.73,9.464
4.74,9.464
4.75,9.464
4.76,9.464
4.77,9.464
4.78,9.464
4.79,9.464
4.8,9.464
4.81,9.464
4.82,9.464
4.83,9.464